9588
9069
9073
9084
9095
9116
6202
8758
8766
8785
8793
8802
8811
8826
8835
8893
8935
8953
34092
34097
4239
2521
2546
2614
2658
8131
8140
12643
12728
12825
12830
12839
12858
12900
12902
13049
13052
13055
13090
13155
13209
13250
13317
13354
13356
13383
13508
13584
13861
13864
13887
13908
14025
14041
14044
14053
14075
14099
14253
14276
14279
14291
14300
14325
14654
14657
14689
14692
14711
14768
14777
14793
14799
14813
8025
8031
8044
28214
28362
28401
28525
28671
3394
3403
3471
3476
6288
4311
4352
2269
2305
12208
6275
4369
4440
4480
4557
17619
17629
10025
6772
6853
6218
3963
1551
27749
20450
20471
34262
34372
19726
19790
19794
19827
19830
19852
19859
19878
19924
19948
19974
20025
20031
17558
17569
1334
1340
1353
1426
1451
1455
1473
23760
23765
19569
19621
19634
19647
22742
22747
22851
23121
23125
5109
15772
15794
15798
25543
25944
25947
25968
21
27
40
94
119
123
141
19123
19149
19161
19189
19211
19225
19241
19253
19275
19290
19298
19301
20682
21230
21572
7660
7707
5391
5395
5504
5508
5512
5657
5684
5711
5744
5835
5843
5918
5926
6048
6058
6066
4205
4218
4222
470
473
477
481
508
514
527
31306
31359
31398
31484
31522
11450
11456
11462
21986
22418
22423
22578
32100
32125
32205
6168
4684
589
623
662
17648
17672
17703
17722
17736
17755
17776
17798
17825
17831
17849
17872
17934
17956
17965
18007
18018
18038
18041
18051
18057
18091
18115
18154
18319
18433
18462
18651
18701
18720
18733
18850
19029
19039
19048
19060
19079
19087
19093
19100
11830
11941
6182
6187
2788
2812
3024
3079
3086
32979
18701
18733
18755
18773
18811
18838
18844
18860
18883
18945
18967
18976
19018
19029
19039
19060
19063
19079
19087
19093
4079
4085
24312
24317
11709
7745
32022
32078
9183
9201
9364
9371
9378
8167
8176
8191
8200
8201
8202
8214
8237
31672
31725
31764
31858
31896
7843
30859
30911
27696
12331
12449
1225
1230
1236
1251
30351
30383
3844
3918
3926
12643
12701
12704
12728
12762
12825
12331
12503
12510
19123
19149
19161
19199
19275
19290
19305
19324
19352
19375
19397
19422
19436
19452
19468
19489
19504
19511
19515
33230
20075
20141
20144
20339
15848
15875
15884
15907
15941
16024
16041
16048
16051
16110
16145
16151
16209
16221
16245
16264
16268
3524
21820
1675
18091
18115
18154
18169
18176
18189
18201
18226
18238
18260
18288
18293
18305
18319
18341
18355
18358
18365
18370
18387
18402
18421
18433
18446
18462
18483
18536
18571
18578
18619
18630
18648
18651
18661
18667
33351
33366
33406
33454
33459
28534
28543
28735
28742
15004
15035
15456
15676
15687
15736
32355
3229
3238
3295
3299
17135
17139
17152
17159
17166
17183
4031
4037
4079
28864
28881
28952
28970
3471
3485
3489
17381
17385
17397
17404
17411
17428
4775
4809
4864
19695
19698
8342
8358
34485
34604
9018
4142
4148
3566
16513
16540
16549
16572
16606
16684
16701
16708
16711
16768
16803
16809
16867
16879
16903
16922
16926
33725
33740
33933
9715
19556
8679
8733
27420
27427
27433
27438
8442
8447
8482
8487
8511
8535
8548
8554
20368
20393
5309
12530
30585
30593
30630
32708
32765
6327
6087
6112
6256
1800
1924
1938
1945
1960
20682
20917
4503
4509
4522
8318
31005
31121
31191
31212
4945
3987
16378
16441
16459
16465
2346
2372
2427
2483
9801
9804
9840
9861
9865
9876
34216
34221
7765
7801
712
724
12083
851
863
888
900
925
937
971
979
987
1021
1024
1030
1044
3295
3299
9625
29656
29688
30060
30372
6309
27848
27855
27920
28056
28534
28543
28652
28742
24550
24748
24803
24807
24930
25213
25371
25403
25409
4985
5019
5049
9940
9958
9970
9980
2223
795
17500
17512
27571
27579
6235
23358
23363
