142
143
61
52
53
54
528
529
530
229
230
663
719
707
742
1045
1046
1047
1252
1253
1254
1255
1474
1475
1375
1366
1367
1368
1539
1666
1667
1961
1962
1963
1964
1789
2210
2211
2212
2213
2288
2243
2444
2401
2402
2356
2333
2619
2588
2589
2530
2509
2830
2831
2832
2833
2834
2804
2780
2781
3170
3171
3172
3257
3318
3319
3320
3430
3506
3507
3541
3542
3857
3812
3943
3973
3998
4048
4049
4050
4098
4099
4100
4163
4230
4325
4326
4300
4453
4454
4429
4360
4523
4524
4525
4538
4650
4825
4799
4800
4769
4770
4920
5024
5009
5010
4979
4980
5290
5712
5685
5658
5637
5844
5845
5846
5776
5777
5778
5948
5949
5950
5424
5425
5348
5349
6148
6183
6196
6210
6226
6243
6264
6282
6298
6299
6318
6319
6787
6739
7679
7652
7653
7718
7789
7757
7758
7815
7816
7817
7818
8045
8046
8047
8070
8071
8224
8225
8294
8343
8331
8396
8397
8702
8703
8648
8649
8938
8939
8940
8941
8781
8754
8994
9101
9045
9046
9236
9237
9238
9239
9240
9150
9525
9526
9527
9606
9651
9877
9878
9811
9786
9977
9945
9946
9928
10006
11359
11360
11361
11362
11694
11695
11900
11901
11902
11903
11904
11905
11906
11747
11748
11749
11750
11751
11752
11753
11754
11755
11756
12053
12054
12126
12127
12128
12129
12298
12299
12368
12369
12370
12371
12372
12373
12374
12375
12376
12377
12507
12521
12522
12718
12719
12746
12705
12706
12635
12848
12849
13877
13878
14065
14066
14315
14316
14814
14815
14769
14695
14672
14301
14302
14083
14054
14055
13892
13865
13866
13367
13335
13336
12946
12947
12882
12831
15728
14996
15788
15767
16007
16008
15931
15932
15901
15902
15840
16392
16353
16667
16668
16596
16597
16566
16567
16505
17184
17185
17186
17187
17429
17430
17431
17432
17458
17521
17582
18054
18055
17660
17639
17640
18664
18665
18103
18082
18083
19090
19091
18692
18693
19294
19295
19296
19178
19179
19152
19153
19137
19114
19115
19508
19509
19386
19387
19360
19361
19362
19340
19315
19316
19539
19637
19575
19562
19663
19664
19665
19715
19953
19982
19983
19984
19938
19939
19940
20225
20109
20110
20111
20058
20375
20357
20358
20359
20455
20456
20457
20439
20440
20441
20819
20594
20595
21471
21130
21131
21805
21806
21807
21808
22446
22002
22003
21955
22764
22765
22611
23162
23163
23399
23400
24023
24024
24492
24493
24494
25471
25472
26367
26368
27529
27530
27531
27678
27717
27718
27719
27944
27945
27946
27947
27948
27897
27898
27899
27777
27778
27779
27780
27781
28140
28141
28142
28143
28144
28587
28588
28589
28590
28448
28449
28450
28451
28452
28453
28454
28953
28954
28865
28866
29056
29057
29058
29059
29740
29741
29742
29743
30604
30417
30418
30876
30796
31137
31138
31139
31039
30945
31492
31493
31453
31368
31369
31324
31242
31866
31867
31825
31734
31735
31690
31608
32010
32023
32197
32110
32111
32091
32325
32326
32742
32660
32955
33221
33222
33460
33461
33462
33290
33291
33292
33783
33784
33785
33656
33657
33658
33659
33660
33661
33980
33981
34113
34114
34305
34232
34233
34520
34458
34459
