13022
16439
7753
18991
12946
32609
19007
16409
14312
26507
13860
26389
11900
25502
17433
23424
1467
20126
27431
23356
742
29061
17360
11898
136
12998
24623
8994
9058
32413
32590
12951
23414
24805
32730
1000
356
32511
17600
19984
32718
13332
17416
29110
29108
13367
12924
29109
26491
32434
160
23177
24516
18689
19702
14996
1995
19040
24725
26539
236
349
14083
12977
26390
17617
355
24495
13336
14997
20127
28532
23180
18963
23402
24548
32406
13016
517
23758
27545
14062
117
15000
19991
13892
25509
32490
23178
9101
9016
12850
30583
17580
24928
32104
15002
219
20130
30
357
23189
17110
32469
22033
32651
32476
27715
7752
19016
7672
19888
531
8986
32483
32726
16408
32441
19833
33113
20816
32448
2016
20139
32583
4825
32504
405
24704
16415
12835
22416
25505
17249
28466
19762
243
30455
30447
19870
14708
20592
264
28473
9067
22800
394
111
25211
16457
32926
19876
18790
7785
13360
12918
32462
17475
8989
17597
25401
20106
11939
14769
27544
12963
17417
7649
12988
1375
17473
492
17172
12956
23412
14306
12831
19766
4781
26629
22849
23417
34385
1257
17133
493
24702
12845
19593
4827
9114
19922
26490
19998
17478
896
19023
24808
19590
26488
18988
19996
29129
17543
17362
230
26508
24524
19892
1368
32913
27418
24517
17188
29123
12882
19620
27717
1468
24654
19868
32637
14023
32644
287
14251
17379
32427
295
7754
13038
32630
32455
32787
503
20201
32623
29111
2048
17577
20024
17538
22032
1049
340
231
990
16452
16407
7787
19939
28465
19061
24701
19954
19958
793
32935
26404
494
1443
7648
20437
19955
17539
17498
23426
22053
25504
13027
19857
13874
12983
33178
271
25473
32399
1369
26370
12912
14055
30448
22798
19953
25182
34432
17604
32742
27747
17108
13867
4761
2024
23175
2064
23415
17556
12635
29654
12641
19763
17579
12837
23203
54
34375
18842
8988
28446
32602
22808
29250
17456
16410
25957
16450
13582
29112
26489
19850
278
18703
30421
20125
32760
12639
9099
213
17474
14077
29136
20817
14046
17599
1449
13044
532
19989
32497
32568
32710
17171
20124
32420
22801
30446
32596
24624
13866
32523
20172
135
1241
25511
24514
32823
13889
27425
25541
12872
19764
1999
19894
7790
17578
32616
24703
25514
