30
54
111
117
118
133
134
135
136
160
177
179
210
211
212
213
215
216
217
218
219
221
225
226
227
229
230
231
234
235
236
238
240
241
242
243
245
261
262
263
264
266
268
269
270
271
273
275
276
277
278
280
284
286
287
293
294
295
297
337
338
339
340
342
346
347
348
349
351
355
356
357
391
392
393
394
396
402
403
404
405
407
483
492
493
494
500
501
502
503
505
517
531
532
742
793
838
875
896
912
965
969
977
985
990
991
992
993
994
995
996
997
998
999
1000
1020
1021
1049
1213
1214
1215
1216
1217
1218
1219
1220
1221
1222
1223
1224
1225
1241
1257
1271
1275
1295
1349
1355
1356
1357
1358
1359
1368
1369
1375
1379
1380
1381
1383
1384
1385
1386
1388
1389
1390
1391
1393
1394
1396
1397
1398
1399
1400
1401
1402
1403
1404
1406
1407
1408
1409
1410
1411
1412
1413
1414
1416
1417
1418
1419
1420
1421
1422
1423
1424
1425
1426
1443
1449
1450
1465
1466
1467
1468
1503
1504
1506
1990
1991
1992
1993
1994
1995
1997
1998
1999
2001
2014
2015
2016
2018
2019
2020
2022
2023
2024
2026
2027
2028
2046
2047
2048
2050
2051
2052
2062
2063
2064
2066
2067
2068
2133
2134
2135
2136
2137
2138
2139
2192
2193
2195
2196
2198
2199
2211
2213
2214
2215
2216
2217
2218
2219
2220
2221
2222
2223
2225
2243
2244
2245
2246
2247
2248
2249
2250
2251
2252
2253
2254
2255
2256
2257
2258
2259
2260
2261
2262
2263
2264
2265
2266
2267
2268
2269
2271
2272
2273
2274
2275
2276
2293
2296
2297
2298
2299
2300
2301
2302
2710
2711
2712
2713
2714
2715
2716
2717
2718
2719
2720
2721
2722
2723
2724
2725
2727
2746
2747
2749
2780
2781
2784
2785
2786
2787
2788
2789
2954
2955
2956
2958
2959
2961
2987
2988
3025
3032
3033
3034
3035
3243
3252
3253
3255
3264
3265
3266
3267
3268
3269
3270
3271
3272
3273
3274
3277
3278
3279
3280
3282
3283
3284
3285
3286
3287
3288
3289
3290
3291
3292
3293
3295
3405
3406
3407
3408
3409
3410
3411
3491
3492
3493
3494
3495
3496
3497
3498
3499
3500
3501
3502
3503
3506
3510
3511
3512
3513
3514
3515
3516
3520
3521
3522
3523
3524
3525
3526
3527
3528
3940
3941
3942
3943
3944
3945
3947
3948
3951
3952
3953
3954
3955
3956
3957
3958
3959
3960
3962
3963
3990
4050
4051
4052
4053
4054
4055
4056
4057
4058
4059
4060
4061
4062
4065
4066
4067
4069
4070
4071
4072
4073
4075
4076
4077
4079
4084
4085
4264
4265
4349
4394
4399
4698
4758
4759
4760
4761
4763
4778
4779
4780
4781
4783
4825
4827
5135
5136
5210
5219
5229
5230
5349
5370
5386
5388
5392
5399
5405
5406
5407
5408
5418
5419
5420
5421
5422
5511
5512
5579
5586
5587
5588
5589
5590
5595
5603
5604
5605
5606
5609
5748
5749
5752
6219
6236
6243
6244
6245
6246
6247
6248
6249
6250
6251
6252
6253
6254
6255
6256
6264
6265
6266
6267
6268
6269
6270
6271
6272
6273
6274
6275
6278
6279
6295
6296
6299
6300
6301
6302
6303
6304
6305
6306
6310
6311
6394
6395
6396
6503
6504
6505
6508
6510
6990
6996
6997
6998
7213
7219
7227
7239
7243
7260
7271
7276
7277
7295
7300
7301
7349
7350
7648
7649
7672
7752
7753
7754
7764
7765
7785
7786
7787
7790
7800
7801
8955
8974
8975
8976
8977
8978
8979
8980
8981
8986
8987
8988
8989
8994
9016
9017
9018
9058
9067
9099
9101
9114
9135
9236
9237
9238
9241
9242
9243
9245
9246
9248
9249
9250
9251
9254
9255
9256
9257
9258
9259
9260
9261
9262
9263
9264
9266
9267
9270
9272
9273
9274
9275
9276
9277
9278
9279
9280
9281
9282
9283
9284
9285
9287
9288
9290
9291
9292
9293
9296
9297
9298
9299
9300
9301
9302
9303
9304
9305
9306
9309
9310
9314
9315
9316
9317
9318
9319
9320
9321
9322
9323
9324
9325
9326
9327
9328
9329
9330
9331
9332
9333
9334
9335
9336
9337
9338
9340
9341
9343
9344
9345
9346
9347
9348
9349
9350
9351
9352
9353
9355
9356
9360
9361
9363
9364
9367
9368
9370
9371
9374
9375
9376
9377
9378
9379
9380
9384
9385
9386
9387
9389
9390
9391
9392
9394
9503
9901
9902
9903
9904
9905
9906
9907
9908
9909
9910
9911
9912
9913
9914
9915
9934
9935
9936
9937
9941
9942
9943
9946
9948
9949
9951
9953
9954
9955
9957
9958
9959
9961
9964
9965
9966
9967
9968
9969
9970
9979
9980
10135
10142
10213
10220
10236
10241
10242
10264
10265
10268
10272
10273
10278
10279
10280
10284
10285
10286
10290
10291
10292
10293
10295
10296
10297
10298
10299
10301
10305
10307
10308
10309
10310
10311
10313
10314
10315
10316
10318
10322
10324
10326
10327
10328
10330
10331
10332
10333
10335
10339
10340
10341
10342
10344
10345
10347
10357
10358
10359
10360
10361
10363
10380
10382
10383
10385
10386
10388
10392
10394
10398
10399
10400
10401
10402
10403
10404
10405
10406
10407
10409
10410
10412
10413
10414
10415
10416
10418
10419
10420
10421
10422
10424
10428
10430
10431
10432
10433
10434
10436
10437
10438
10439
10440
10442
10444
10445
10446
10448
10449
10450
10451
10452
10454
10458
10459
10460
10461
10463
10465
10476
10478
10479
10480
10481
10483
10485
10491
10493
11213
11214
11219
11243
11264
11266
11271
11303
11314
11323
11349
11350
11353
11354
11358
11382
11386
11387
11388
11389
11390
11391
11392
11393
11394
11401
11405
11406
11407
11408
11409
11410
11411
11412
11414
11415
11417
11419
11427
11431
11467
11898
11900
11939
12236
12237
12240
12241
12242
12243
12244
12245
12247
12266
12267
12268
12269
12270
12271
12272
12274
12275
12276
12277
12278
12279
12349
12360
12361
12362
12363
12364
12365
12366
12367
12368
12369
12417
12419
12422
12431
12434
12437
12440
12442
12443
12445
12446
12450
12451
12452
12453
12454
12455
12458
12459
12460
12472
12478
12480
12482
12484
12485
12486
12487
12488
12490
12491
12493
12635
12639
12640
12641
12645
12646
12647
12648
12649
12656
12657
12658
12659
12660
12661
12662
12663
12664
12665
12666
12667
12668
12670
12671
12672
12673
12674
12676
12677
12678
12679
12680
12681
12682
12683
12684
12685
12686
12687
12688
12689
12690
12691
12692
12693
12694
12695
12696
12697
12698
12699
12701
12702
12703
12704
12705
12710
12711
12718
12720
12721
12722
12723
12724
12727
12767
12768
12769
12770
12771
12827
12829
12831
12835
12836
12837
12840
12843
12845
12846
12847
12849
12850
12854
12859
12860
12869
12870
12871
12872
12874
12882
12904
12909
12910
12911
12912
12914
12915
12916
12917
12918
12920
12921
12922
12923
12924
12926
12943
12946
12947
12951
12954
12955
12956
12958
12960
12961
12962
12963
12965
12974
12975
12976
12977
12979
12980
12981
12982
12983
12984
12985
12988
12989
12990
12996
12997
12998
13000
13013
13014
13015
13016
13018
13019
13020
13021
13022
13023
13024
13027
13028
13036
13037
13038
13040
13041
13042
13043
13044
13045
13046
13332
13336
13355
13360
13362
13363
13367
13498
13499
13500
13501
13502
13503
13504
13505
13506
13507
13508
13581
13582
13583
13584
13588
13589
13590
13591
13598
13599
13600
13601
13602
13603
13605
13606
13608
13609
13612
13613
13614
13615
13622
13623
13624
13625
13626
13627
13629
13630
13632
13633
13636
13637
13638
13639
13646
13647
13648
13649
13650
13651
13653
13654
13656
13657
13660
13661
13662
13663
13670
13671
13672
13673
13674
13675
13677
13678
13680
13681
13684
13685
13686
13687
13694
13695
13696
13697
13698
13699
13701
13702
13704
13705
13708
13709
13710
13711
13718
13719
13720
13721
13722
13723
13725
13726
13728
13729
13732
13733
13734
13735
13742
13743
13744
13745
13746
13747
13749
13750
13752
13753
13756
13757
13758
13759
13766
13767
13768
13769
13770
13771
13773
13774
13776
13777
13780
13781
13782
13783
13790
13791
13792
13793
13794
13795
13796
13798
13799
13801
13802
13805
13806
13807
13808
13809
13816
13817
13818
13819
13820
13821
13823
13824
13826
13827
13830
13831
13832
13833
13840
13841
13842
13843
13844
13845
13847
13848
13850
13851
13854
13855
13856
13857
13859
13860
13861
13866
13867
13874
13875
13876
13878
13883
13888
13889
13890
13891
13892
14023
14024
14025
14033
14046
14052
14055
14056
14057
14062
14063
14064
14066
14071
14076
14077
14078
14079
14083
14251
14252
14253
14306
14312
14313
14314
14316
14321
14670
14671
14672
14673
14679
14681
14682
14683
14684
14685
14688
14692
14702
14708
14709
14711
14769
14996
14997
15000
15001
15002
15026
15032
15033
15035
15349
16213
16271
16295
16296
16297
16298
16304
16305
16325
16326
16328
16329
16330
16331
16334
16335
16336
16387
16388
16392
16395
16396
16397
16398
16399
16400
16404
16405
16406
16407
16408
16409
16410
16415
16434
16435
16439
16440
16441
16450
16452
16453
16454
16456
16457
16503
16507
16508
16510
16514
16520
16525
16533
16534
16535
16536
16541
16542
16543
16544
16545
16546
16628
16629
16678
16679
16680
16681
16694
16695
16696
16697
16705
16706
16707
16708
16709
16710
16711
16737
16738
16739
16818
16819
16820
16862
16863
16864
16872
16873
16875
16876
16877
16878
16879
16881
16888
16889
16890
16894
16895
16896
16897
16899
16900
16901
16902
16903
16905
16912
16913
16914
16915
17108
17110
17133
17171
17172
17188
17236
17248
17249
17251
17252
17253
17254
17255
17256
17257
17273
17277
17289
17290
17291
17295
17296
17297
17298
17303
17304
17305
17342
17343
17344
17345
17346
17347
17348
17349
17350
17352
17353
17354
17355
17356
17357
17358
17359
17360
17362
17363
17364
17365
17366
17367
17370
17371
17373
17374
17375
17376
17378
17379
17380
17381
17382
17383
17384
17385
17389
17402
17409
17415
17416
17417
17426
17432
17433
17439
17440
17441
17442
17443
17454
17456
17458
17461
17462
17463
17464
17465
17466
17472
17473
17474
17475
17478
17498
17499
17500
17518
17521
17524
17528
17529
17530
17531
17532
17536
17537
17538
17539
17543
17556
17557
17558
17571
17572
17575
17577
17578
17579
17580
17582
17583
17586
17589
17590
17591
17592
17593
17597
17598
17599
17600
17604
17617
17618
17619
17787
17788
17789
17790
17791
17792
17793
17794
17795
17796
17797
17798
17799
17801
17990
18264
18265
18278
18285
18289
18300
18301
18302
18394
18399
18406
18407
18408
18409
18410
18484
18680
18681
18684
18689
18700
18701
18703
18709
18732
18733
18754
18755
18772
18773
18775
18777
18781
18785
18790
18795
18810
18811
18813
18821
18824
18837
18838
18842
18843
18845
18848
18859
18860
18863
18866
18869
18871
18882
18883
18887
18890
18892
18895
18897
18904
18908
18910
18913
18922
18930
18942
18944
18947
18950
18954
18960
18963
18964
18965
18966
18967
18968
18971
18972
18973
18974
18975
18976
18977
18978
18979
18980
18981
18982
18983
18985
18986
18987
18988
18989
18990
18991
18993
18994
18995
18996
18998
18999
19000
19002
19003
19004
19007
19008
19009
19010
19011
19012
19013
19014
19015
19016
19017
19018
19019
19021
19022
19023
19024
19025
19026
19028
19029
19038
19039
19040
19059
19060
19061
19062
19065
19078
19079
19081
19082
19083
19084
19085
19086
19087
19090
19096
19101
19104
19105
19212
19264
19265
19266
19267
19268
19269
19270
19271
19272
19273
19274
19275
19276
19285
19286
19287
19291
19296
19340
19341
19342
19343
19344
19345
19346
19347
19348
19349
19350
19351
19352
19590
19593
19620
19702
19738
19739
19740
19744
19745
19746
19747
19748
19749
19751
19752
19753
19754
19757
19759
19760
19761
19762
19763
19764
19766
19767
19769
19778
19782
19783
19826
19831
19833
19834
19835
19836
19837
19838
19843
19844
19846
19850
19851
19852
19853
19856
19857
19864
19865
19866
19867
19868
19870
19871
19875
19876
19877
19878
19879
19880
19881
19882
19883
19884
19885
19886
19887
19888
19892
19894
19900
19901
19902
19922
19923
19924
19925
19926
19931
19934
19939
19953
19954
19955
19956
19957
19958
19959
19960
19962
19963
19964
19965
19966
19967
19968
19969
19970
19971
19973
19974
19980
19983
19984
19986
19988
19989
19990
19991
19992
19993
19994
19995
19996
19997
19998
19999
20000
20001
20003
20004
20006
20007
20008
20009
20010
20011
20014
20015
20016
20017
20018
20019
20023
20024
20025
20049
20081
20093
20094
20095
20096
20099
20100
20101
20102
20103
20104
20105
20106
20107
20109
20110
20111
20118
20119
20120
20124
20125
20126
20127
20128
20130
20131
20132
20133
20134
20135
20136
20137
20138
20139
20142
20143
20144
20145
20146
20169
20170
20171
20172
20175
20200
20201
20204
20340
20394
20405
20406
20409
20422
20423
20424
20425
20426
20433
20434
20435
20436
20437
20449
20450
20481
20482
20483
20484
20485
20486
20487
20488
20489
20490
20491
20492
20592
20816
20817
21900
21901
21902
21903
21904
21905
21906
21907
21908
21909
21910
21911
21912
21913
21914
21915
21916
21917
21918
21919
21920
21921
21922
21923
21924
21925
21926
21927
21928
21929
21930
21931
21932
21933
21934
21935
21936
21937
21938
21939
21940
21941
21942
21943
21944
21945
21946
21947
21948
21949
21950
21951
21952
21953
21954
21955
21956
21957
21958
21959
21960
21961
21962
21963
21964
21965
21966
21967
21968
21969
21970
21971
21972
21973
21974
21975
21976
21977
21978
21979
21980
21981
21982
21983
21984
21985
21986
21987
21988
21989
21990
21991
21992
21993
21994
21995
21996
21997
21998
21999
22002
22007
22008
22009
22010
22011
22012
22013
22014
22015
22016
22017
22018
22019
22020
22021
22022
22023
22024
22025
22026
22027
22028
22029
22030
22031
22032
22033
22034
22035
22036
22037
22038
22039
22040
22041
22042
22043
22044
22045
22046
22047
22048
22049
22050
22051
22053
22055
22056
22057
22058
22059
22060
22061
22062
22063
22064
22065
22066
22067
22068
22069
22070
22071
22072
22073
22074
22075
22076
22077
22078
22079
22080
22081
22082
22083
22084
22085
22086
22087
22088
22089
22090
22091
22092
22093
22094
22095
22096
22097
22098
22099
22100
22101
22102
22103
22104
22105
22106
22107
22108
22109
22110
22111
22112
22113
22114
22115
22116
22117
22118
22119
22120
22121
22122
22123
22124
22125
22126
22127
22128
22129
22130
22131
22132
22133
22134
22135
22136
22137
22138
22139
22140
22141
22142
22143
22144
22145
22146
22147
22148
22149
22150
22151
22152
22153
22154
22155
22156
22157
22158
22159
22160
22161
22162
22163
22164
22165
22166
22167
22168
22169
22170
22171
22172
22173
22174
22175
22176
22177
22178
22179
22180
22181
22182
22183
22184
22185
22186
22187
22188
22189
22190
22191
22192
22193
22194
22195
22196
22197
22198
22199
22200
22201
22203
22204
22205
22206
22207
22208
22209
22210
22211
22212
22213
22214
22215
22216
22218
22219
22220
22221
22222
22223
22224
22225
22226
22227
22228
22229
22230
22231
22232
22233
22234
22235
22236
22237
22238
22239
22240
22241
22242
22243
22244
22245
22246
22247
22249
22250
22251
22252
22253
22254
22255
22256
22257
22258
22259
22260
22261
22262
22263
22264
22265
22266
22267
22268
22269
22270
22271
22272
22273
22274
22275
22276
22277
22278
22279
22280
22281
22282
22283
22284
22285
22286
22287
22288
22289
22290
22291
22292
22293
22294
22295
22296
22297
22298
22299
22300
22301
22302
22303
22304
22305
22306
22307
22308
22309
22310
22311
22312
22313
22314
22315
22316
22317
22318
22319
22320
22321
22322
22323
22324
22325
22326
22327
22328
22329
22330
22331
22332
22333
22334
22335
22336
22337
22338
22339
22340
22341
22342
22343
22344
22345
22346
22347
22348
22349
22350
22351
22352
22353
22354
22356
22357
22358
22359
22360
22361
22362
22363
22364
22365
22366
22367
22368
22369
22370
22371
22372
22373
22374
22375
22380
22381
22382
22384
22385
22386
22387
22388
22389
22390
22391
22392
22393
22394
22395
22396
22397
22398
22399
22400
22401
22402
22403
22404
22405
22406
22407
22408
22412
22413
22414
22416
22417
22418
22419
22421
22422
22423
22424
22425
22426
22427
22428
22430
22431
22432
22433
22434
22435
22436
22437
22438
22439
22440
22452
22454
22455
22456
22457
22458
22459
22460
22461
22462
22463
22464
22465
22466
22467
22468
22469
22470
22471
22472
22473
22474
22475
22476
22477
22478
22479
22480
22481
22482
22483
22484
22485
22486
22487
22488
22489
22490
22491
22492
22493
22494
22495
22496
22497
22498
22499
22500
22501
22502
22503
22504
22505
22506
22507
22508
22509
22510
22511
22512
22513
22514
22515
22516
22517
22518
22519
22520
22521
22522
22523
22524
22525
22526
22528
22529
22530
22532
22533
22534
22535
22537
22538
22539
22540
22541
22543
22545
22549
22551
22556
22557
22558
22560
22562
22566
22568
22570
22571
22572
22574
22576
22577
22578
22788
22798
22800
22801
22808
22849
23127
23145
23146
23163
23167
23168
23169
23170
23171
23172
23175
23176
23177
23178
23180
23189
23203
23356
23357
23358
23370
23375
23376
23394
23400
23401
23402
23403
23404
23405
23406
23407
23408
23409
23410
23411
23412
23413
23414
23415
23416
23417
23418
23419
23420
23421
23422
23423
23424
23426
23428
23429
23430
23431
23432
23433
23434
23436
23437
23438
23440
23441
23442
23443
23444
23445
23446
23449
23450
23451
23452
23453
23454
23455
23456
23457
23458
23459
23461
23463
23464
23466
23467
23469
23470
23472
23473
23475
23476
23478
23479
23481
23483
23485
23486
23488
23489
23491
23492
23494
23495
23497
23498
23499
23502
23503
23504
23505
23506
23507
23508
23509
23510
23511
23512
23513
23514
23515
23516
23517
23518
23519
23521
23522
23523
23524
23525
23526
23527
23528
23529
23530
23531
23532
23533
23534
23535
23536
23537
23538
23539
23540
23541
23542
23543
23544
23546
23547
23548
23549
23550
23551
23552
23553
23554
23555
23556
23558
23559
23560
23561
23562
23563
23564
23565
23566
23567
23568
23569
23570
23571
23572
23573
23574
23575
23576
23577
23579
23580
23581
23586
23587
23588
23589
23590
23591
23592
23593
23594
23595
23596
23597
23598
23599
23600
23601
23602
23603
23604
23605
23606
23607
23608
23609
23610
23611
23612
23613
23614
23615
23616
23617
23618
23619
23621
23623
23624
23625
23626
23627
23628
23629
23630
23631
23633
23634
23635
23636
23637
23638
23639
23640
23641
23642
23643
23646
23648
23649
23650
23651
23652
23653
23654
23655
23656
23657
23658
23659
23660
23661
23662
23663
23664
23665
23666
23667
23668
23669
23670
23671
23672
23674
23675
23676
23677
23678
23679
23680
23681
23682
23683
23684
23685
23686
23687
23688
23689
23690
23691
23692
23693
23694
23695
23696
23697
23698
23699
23700
23701
23702
23703
23704
23705
23706
23707
23708
23709
23710
23711
23712
23713
23714
23715
23716
23717
23718
23719
23721
23722
23723
23724
23725
23726
23727
23728
23729
23730
23731
23732
23733
23734
23735
23736
23737
23738
23739
23740
23741
23742
23743
23744
23745
23746
23747
23749
23750
23751
23752
23753
23755
23756
23758
23759
23760
23764
23765
23990
24052
24053
24054
24055
24056
24057
24058
24059
24060
24061
24063
24064
24065
24067
24068
24069
24070
24071
24072
24073
24075
24076
24077
24078
24079
24080
24081
24082
24083
24085
24086
24087
24088
24089
24090
24091
24092
24093
24094
24095
24096
24097
24098
24099
24100
24101
24103
24105
24106
24107
24108
24109
24110
24111
24112
24113
24114
24115
24116
24117
24118
24119
24120
24121
24122
24123
24124
24125
24126
24127
24128
24129
24130
24131
24132
24133
24134
24135
24136
24137
24138
24141
24142
24143
24144
24145
24147
24148
24150
24151
24154
24156
24157
24158
24159
24160
24161
24162
24163
24164
24165
24166
24167
24168
24169
24170
24171
24172
24173
24174
24175
24176
24177
24178
24179
24180
24181
24182
24183
24184
24185
24186
24187
24188
24191
24192
24193
24194
24195
24198
24200
24203
24204
24205
24206
24207
24208
24211
24212
24213
24214
24215
24216
24219
24220
24221
24222
24223
24224
24226
24227
24228
24229
24230
24231
24232
24233
24234
24235
24236
24237
24238
24239
24240
24241
24242
24243
24245
24246
24247
24248
24249
24250
24251
24252
24253
24254
24255
24256
24259
24260
24261
24264
24265
24266
24269
24270
24271
24273
24274
24275
24276
24277
24278
24279
24280
24281
24282
24283
24284
24285
24286
24287
24288
24289
24290
24291
24292
24293
24294
24295
24296
24297
24298
24299
24301
24302
24304
24305
24307
24308
24309
24310
24311
24312
24314
24318
24319
24320
24321
24322
24323
24324
24325
24326
24327
24328
24329
24330
24331
24332
24333
24334
24335
24336
24337
24338
24339
24340
24341
24342
24343
24344
24345
24346
24347
24348
24349
24350
24351
24352
24353
24354
24355
24356
24357
24358
24359
24360
24361
24362
24363
24364
24365
24366
24367
24368
24369
24370
24371
24372
24373
24374
24375
24376
24377
24378
24379
24380
24381
24382
24383
24384
24385
24386
24387
24388
24389
24390
24391
24392
24393
24394
24395
24396
24397
24398
24399
24400
24401
24402
24403
24404
24405
24406
24407
24408
24409
24410
24411
24412
24413
24414
24415
24416
24417
24418
24422
24423
24424
24425
24426
24427
24428
24429
24430
24431
24432
24433
24434
24435
24436
24437
24438
24439
24440
24441
24442
24443
24444
24448
24469
24470
24493
24494
24495
24500
24501
24502
24503
24504
24505
24514
24515
24516
24517
24524
24548
24549
24550
24621
24622
24623
24624
24642
24643
24644
24654
24655
24667
24668
24669
24701
24702
24703
24704
24725
24805
24808
24928
24929
24930
25182
25211
25212
25213
25394
25395
25397
25400
25401
25402
25403
25405
25407
25410
25411
25416
25417
25419
25421
25422
25426
25436
25450
25451
25452
25472
25473
25490
25491
25492
25493
25494
25495
25496
25497
25498
25499
25502
25504
25505
25509
25511
25514
25541
25946
25955
25956
25957
25958
26236
26237
26238
26239
26240
26254
26255
26265
26266
26330
26337
26338
26339
26340
26341
26342
26368
26370
26375
26376
26377
26378
26379
26380
26387
26388
26389
26390
26391
26392
26401
26403
26404
26405
26406
26407
26408
26409
26410
26411
26412
26413
26414
26415
26416
26417
26418
26419
26420
26421
26422
26423
26424
26425
26426
26427
26428
26429
26430
26431
26432
26433
26434
26435
26436
26437
26438
26439
26440
26441
26442
26443
26444
26445
26446
26447
26448
26449
26451
26452
26453
26454
26455
26456
26457
26458
26459
26460
26461
26462
26463
26464
26465
26466
26467
26468
26469
26470
26471
26472
26473
26475
26476
26477
26478
26479
26480
26481
26482
26483
26484
26485
26486
26487
26488
26489
26490
26491
26492
26493
26494
26495
26496
26497
26498
26499
26500
26501
26502
26503
26504
26505
26506
26507
26508
26509
26510
26511
26512
26513
26514
26515
26516
26517
26518
26519
26520
26521
26522
26523
26524
26525
26526
26527
26528
26529
26530
26531
26532
26533
26534
26535
26537
26539
26541
26542
26543
26544
26545
26546
26547
26548
26549
26550
26552
26553
26554
26556
26557
26558
26559
26560
26561
26562
26563
26564
26565
26566
26568
26569
26570
26571
26572
26573
26574
26575
26576
26577
26578
26579
26580
26581
26582
26583
26584
26585
26586
26588
26589
26590
26591
26592
26593
26594
26595
26596
26597
26598
26599
26600
26601
26602
26603
26604
26605
26606
26607
26608
26609
26610
26611
26612
26613
26614
26615
26616
26617
26618
26619
26620
26621
26622
26623
26624
26629
26631
26632
26633
26634
26635
26636
26637
26638
26639
26640
26641
26642
26643
26644
26645
26646
26647
26648
26649
26651
26652
26653
26654
26656
26657
26658
26659
26660
26661
26662
26663
26664
26665
26666
26667
26668
26669
26670
26671
26672
26673
26674
26675
26676
26677
26678
26679
26680
26681
26682
26683
26684
26685
26686
26687
26688
26689
26690
26691
26692
26693
26694
26695
26697
26698
26699
26700
26701
26711
26712
26713
26714
26715
26716
26717
26718
26719
26720
26721
26722
26723
26724
26725
26726
26727
26728
26729
26730
26731
26732
26733
26734
26735
26736
26737
26738
26739
26740
26741
26742
26743
26744
26745
26746
26747
26748
26749
26750
26752
26753
26754
26755
26756
26757
26758
26759
26760
26761
26762
26763
26764
26765
26766
26767
26768
26769
26770
26771
26772
26773
26774
26775
26776
26777
26778
26779
26780
26781
26782
26783
26784
26785
26786
26787
26788
26789
26790
26791
26792
26793
26794
26795
26796
26797
26798
26799
26800
26801
26802
26803
26804
26806
26807
26808
26809
26810
26811
26812
26813
26814
26815
26816
26817
26818
26819
26820
26821
26822
26823
26824
26825
26826
26827
26828
26829
26830
26831
26832
26833
26834
26835
26836
26837
26838
26842
26843
26845
26846
26847
26848
26849
26850
26851
26852
26853
26854
26855
26856
26857
26858
26859
26860
26861
26865
26867
26868
26869
26870
26871
26872
26873
26874
26875
26876
26877
26878
26879
26880
26881
26882
26883
26884
26888
26889
26890
26891
26894
26895
26896
26897
26900
26901
26902
26903
26905
26906
26907
26908
26909
26910
26911
26912
26913
26914
26915
26916
26917
26918
26919
26920
26921
26922
26923
26927
26928
26929
26930
26931
26932
26935
26936
26937
26938
26939
26940
26943
26944
26945
26946
26947
26948
26950
26951
26952
26953
26954
26955
26956
26957
26958
26959
26960
26961
26962
26963
26964
26965
26966
26967
26968
26969
26970
26971
26972
26973
26975
26976
26977
26978
26979
26980
26981
26982
26983
26984
26985
26986
26987
26988
26989
26990
26991
26992
26993
26994
26995
26996
26997
26998
26999
27001
27002
27004
27005
27006
27007
27008
27010
27011
27012
27013
27014
27016
27017
27018
27023
27024
27025
27029
27030
27031
27035
27036
27037
27039
27040
27042
27043
27044
27045
27046
27048
27049
27050
27051
27052
27054
27055
27056
27058
27059
27061
27062
27063
27064
27065
27067
27068
27069
27070
27071
27073
27074
27075
27077
27078
27079
27080
27081
27082
27083
27084
27085
27086
27087
27088
27089
27090
27091
27092
27093
27094
27095
27097
27098
27099
27100
27101
27102
27103
27104
27105
27106
27107
27108
27109
27110
27111
27112
27113
27114
27115
27116
27117
27119
27120
27122
27123
27125
27126
27130
27131
27132
27133
27136
27137
27138
27139
27142
27143
27144
27145
27146
27147
27148
27149
27150
27151
27153
27154
27155
27156
27157
27158
27159
27160
27161
27162
27163
27164
27165
27166
27167
27168
27169
27170
27171
27172
27173
27175
27176
27178
27179
27181
27182
27183
27187
27188
27189
27190
27191
27192
27195
27196
27197
27198
27199
27200
27203
27204
27205
27206
27207
27208
27209
27210
27211
27212
27213
27214
27215
27216
27217
27218
27219
27220
27222
27223
27224
27225
27226
27227
27228
27229
27230
27231
27232
27233
27234
27235
27236
27237
27238
27239
27240
27241
27242
27244
27245
27247
27248
27250
27251
27252
27253
27254
27255
27256
27257
27258
27259
27260
27261
27262
27263
27265
27266
27267
27268
27269
27270
27271
27272
27273
27274
27275
27276
27277
27278
27279
27280
27281
27282
27284
27285
27287
27288
27290
27291
27292
27294
27296
27298
27300
27301
27302
27303
27304
27305
27306
27307
27308
27309
27310
27311
27312
27313
27314
27315
27316
27317
27318
27319
27320
27322
27323
27325
27326
27328
27329
27334
27335
27336
27340
27341
27342
27346
27347
27348
27350
27352
27354
27356
27357
27358
27359
27360
27361
27362
27363
27364
27365
27366
27367
27368
27369
27370
27371
27372
27373
27374
27375
27376
27378
27379
27381
27382
27384
27385
27387
27389
27391
27393
27394
27395
27396
27397
27398
27399
27400
27401
27402
27403
27404
27405
27406
27407
27409
27410
27412
27413
27415
27416
27418
27419
27420
27425
27426
27427
27429
27431
27432
27433
27544
27545
27703
27704
27711
27712
27713
27714
27715
27717
27747
27748
27749
27754
27841
27862
27863
27864
27865
27867
27896
27897
27898
27899
27900
27901
27902
27903
27904
27905
27906
27907
27908
27909
27910
27911
27912
27913
27914
27916
27917
27918
27919
27920
27922
27929
27931
27945
27947
27991
27992
27993
27996
27997
28028
28032
28036
28039
28040
28043
28044
28047
28048
28051
28053
28058
28060
28062
28064
28067
28070
28074
28075
28078
28079
28082
28083
28086
28087
28089
28090
28097
28100
28102
28103
28104
28105
28106
28107
28108
28109
28111
28135
28141
28143
28168
28190
28192
28193
28195
28196
28198
28199
28205
28206
28207
28210
28216
28219
28220
28222
28223
28227
28228
28229
28230
28231
28232
28233
28236
28252
28253
28283
28285
28286
28288
28289
28290
28291
28292
28293
28294
28295
28296
28297
28298
28299
28300
28301
28302
28303
28304
28305
28306
28307
28311
28312
28313
28314
28315
28316
28317
28318
28319
28320
28321
28322
28323
28324
28325
28326
28331
28334
28338
28342
28345
28346
28349
28350
28353
28354
28357
28358
28364
28365
28367
28369
28372
28375
28379
28380
28383
28384
28387
28388
28390
28392
28393
28395
28396
28397
28398
28403
28404
28410
28424
28431
28432
28435
28436
28437
28438
28442
28443
28444
28445
28446
28448
28456
28457
28458
28459
28463
28464
28465
28466
28473
28532
28533
28534
28542
28543
29014
29025
29034
29056
29061
29066
29067
29068
29108
29109
29110
29111
29112
29123
29129
29136
29137
29138
29139
29140
29250
29251
29654
30401
30407
30408
30418
30421
30426
30427
30428
30429
30430
30431
30445
30446
30447
30448
30455
30583
30584
30585
31135
31139
31201
31202
31203
31204
31206
31207
31208
31209
31210
31211
31212
31214
31215
31219
31220
31236
31237
31246
31247
31248
31249
31250
31251
31252
31253
31254
31255
31256
31257
31258
31259
31260
31261
31262
31263
31264
31265
31266
31267
31268
31269
31270
31271
31272
31273
31274
31275
31276
31277
31278
31279
31280
31281
31282
31283
31284
31285
31286
31287
31288
31289
31290
31291
31292
31293
31294
31295
31296
31297
31298
31299
31300
31301
31302
31303
31319
31320
31321
31322
31335
31340
31341
31342
31347
31348
31349
31354
31355
31356
31414
31420
31421
31422
31423
31424
31425
31426
31428
31430
31433
31439
31440
31441
31442
31443
31444
31446
31447
31459
31460
31463
31464
31467
31468
31472
31473
31476
31477
31480
31481
31570
31571
31572
31573
31574
31575
31576
31577
31579
32084
32101
32104
32105
32106
32130
32131
32132
32133
32191
32192
32193
32194
32195
32196
32197
32198
32199
32201
32202
32204
32205
32213
32214
32215
32219
32264
32265
32363
32367
32368
32369
32370
32371
32372
32373
32374
32375
32376
32378
32380
32394
32395
32396
32397
32398
32399
32401
32402
32403
32404
32405
32406
32408
32409
32410
32411
32412
32413
32415
32416
32417
32418
32419
32420
32422
32423
32424
32425
32426
32427
32429
32430
32431
32432
32433
32434
32435
32436
32437
32438
32439
32440
32441
32443
32444
32445
32446
32447
32448
32450
32451
32452
32453
32454
32455
32457
32458
32459
32460
32461
32462
32464
32465
32466
32467
32468
32469
32471
32472
32473
32474
32475
32476
32478
32479
32480
32481
32482
32483
32485
32486
32487
32488
32489
32490
32492
32493
32494
32495
32496
32497
32499
32500
32501
32502
32503
32504
32506
32507
32508
32509
32510
32511
32513
32520
32521
32522
32523
32525
32526
32527
32528
32529
32531
32532
32533
32534
32535
32537
32538
32539
32540
32541
32542
32544
32545
32546
32547
32548
32550
32551
32552
32553
32554
32556
32557
32558
32559
32560
32561
32563
32564
32565
32566
32567
32568
32570
32571
32572
32573
32574
32575
32577
32582
32583
32585
32587
32588
32589
32590
32591
32593
32594
32595
32596
32597
32599
32600
32601
32602
32604
32606
32607
32608
32609
32611
32613
32614
32615
32616
32618
32620
32621
32622
32623
32625
32627
32628
32629
32630
32632
32634
32635
32636
32637
32639
32641
32642
32643
32644
32646
32648
32649
32650
32651
32653
32654
32655
32656
32701
32702
32703
32704
32705
32706
32707
32708
32709
32710
32711
32712
32713
32714
32715
32716
32717
32718
32719
32720
32725
32726
32728
32729
32730
32732
32742
32749
32750
32751
32752
32753
32755
32757
32758
32759
32760
32762
32766
32767
32768
32769
32771
32772
32773
32774
32775
32777
32778
32779
32780
32781
32782
32783
32784
32785
32786
32787
32788
32789
32790
32791
32792
32793
32794
32796
32797
32798
32799
32800
32801
32803
32804
32805
32806
32807
32808
32810
32820
32821
32822
32823
32825
32826
32827
32828
32829
32831
32842
32843
32844
32845
32847
32864
32865
32866
32869
32870
32871
32872
32875
32876
32877
32878
32881
32884
32887
32909
32910
32912
32913
32914
32922
32923
32924
32925
32926
32929
32932
32933
32934
32935
32938
32950
32951
32952
32953
32954
32955
32956
32957
32958
32959
32960
32961
32962
32963
32964
32965
32966
32967
32969
32970
32974
32975
32978
32979
32982
32987
32988
32990
32991
32993
33013
33111
33113
33115
33175
33176
33177
33178
33179
33219
33229
33230
33236
33237
33243
33244
33245
33248
33249
33250
33253
33264
33270
33278
33279
33293
33295
33296
33297
33298
33299
33300
33334
33335
33336
33337
33338
33339
33340
33342
33343
33398
33399
33400
33401
33402
33403
33407
33408
33409
33412
33413
33944
33945
33946
33947
33948
34002
34003
34004
34005
34006
34007
34008
34010
34011
34012
34014
34015
34016
34017
34018
34019
34020
34021
34022
34023
34024
34025
34026
34027
34028
34029
34030
34031
34032
34033
34034
34035
34036
34037
34038
34039
34040
34041
34042
34043
34047
34048
34049
34050
34051
34052
34055
34056
34057
34058
34059
34060
34063
34064
34065
34066
34067
34068
34070
34071
34072
34073
34074
34075
34076
34077
34078
34079
34080
34081
34082
34083
34084
34085
34086
34087
34088
34089
34090
34091
34092
34094
34098
34099
34106
34107
34108
34117
34118
34119
34120
34121
34122
34123
34124
34125
34126
34127
34128
34129
34130
34131
34132
34133
34134
34135
34138
34139
34140
34141
34142
34143
34144
34145
34147
34148
34149
34150
34151
34152
34153
34154
34155
34156
34157
34158
34159
34160
34161
34162
34163
34164
34166
34167
34171
34172
34173
34174
34175
34176
34179
34180
34181
34182
34183
34184
34187
34188
34189
34190
34191
34192
34194
34195
34196
34197
34198
34199
34200
34201
34202
34203
34204
34205
34206
34207
34208
34209
34210
34211
34212
34213
34215
34216
34264
34295
34308
34309
34310
34313
34314
34315
34316
34319
34320
34321
34322
34325
34326
34327
34328
34329
34332
34333
34334
34337
34338
34339
34342
34344
34346
34347
34348
34350
34351
34352
34353
34354
34355
34356
34357
34358
34359
34360
34361
34362
34363
34364
34365
34366
34367
34368
34369
34375
34379
34385
34386
34387
34392
34394
34405
34431
34432
34433
